mu_earth = 3.9860044e14; % [m^3/s^2] Gravity constant
w_earth = 7.2921158553e-5; %rad/s

